1823821951
1941436826
862202064
1957923339
925635592
785855876
855278882
1564120403
824290294
429964461
130223872
386780411
185368208
1632183706
155439964
1139360196
115133873
172237564
2136265639
437500480
86560032
968028805
324015963
1865244996
206368866
255440957
376353946
1041430007
1322404599
1345832590
2110569926
213865136
1691199321
2040920002
2133663730
1804372504
1472095441
348979800
525658643
2144572790
469350282
662754143
2058688059
113687149
1626951060
257188169
1824458619
1904497667
648530734
1376537813
629693960
466973304
1515074190
1138308851
1772531281
1040088583
251927901
1461963870
1866357763
1728774659
61949903
1809934573
464508656
893924547
394267017
1458703724
760175116
882958609
773340693
965995607
511795529
1075449668
1860196924
1262768642
1919166440
225979140
1280318084
519894848
1909234340
800898906
280413746
1334707504
1962326813
1920379112
1280004621
1693973148
1415990157
132792645
610475282
1728682855
666483722
317212902
1342832060
1072786097
43232067
751877383
1009397133
1964286678
500091815
1939623994
